        time_ms             Te         Te_err             ne         ne_err           chi2
         3.7300         1.2100            nan         0.0000            nan         0.0000
         3.7300        15.5636        13.3900 -223087512790610880.0000 -93946886549003520.0000         1.6165
         6.8570         3.5524         1.7157 -446517048045551232.0000 -247416425834436928.0000         0.8819
         9.9840        18.8319         9.8585 -378575195964678528.0000 -107271899353594016.0000         9.6488
        13.1110       181.9871       177.0349 -138868890995827088.0000 -72382201801256688.0000         4.7136
        16.2380         5.6669         2.0978 -410366246198749504.0000 -143622517418545760.0000         1.7850
        19.3650        38.1242        17.4038 -372990200551836928.0000 -73617860247061920.0000         5.4827
        22.4920        15.7126        48.3351 -280309392583236576.0000 -369934123352915456.0000         0.1100
        25.6190         3.6208         2.4495 -425983451004620416.0000 -180370666693483200.0000         7.4760
        28.7460         1.2100         4.1309 -548488408640191040.0000 -1775140793761557760.0000         7.4568
        31.8730        17.7852         8.6958 -226973241254025376.0000 -64349466077837480.0000         3.1099
        34.9990        15.5636        19.9159 -216744453057004864.0000 -131120426213874768.0000         0.5015
        38.1260         3.9828         1.5065 -492343516655916224.0000 -153114252797139872.0000         3.6967
        41.2530        21.7262        12.2801 -304229924152293440.0000 -121194024951121952.0000         3.6610
        44.3800        21.9343         6.3837 -399737148109169600.0000 -90958287222546736.0000         0.6693
        47.5070        21.7262        10.3135 -340895189026109568.0000 -87837280893172624.0000         3.3312
        50.6340        21.9343         9.5252 -324912999507078400.0000 -89565816973347568.0000         1.8542
        53.7610         1.2100        33.1798 -407030149784345280.0000 -10488979070102552576.0000         0.5807
        56.8880         7.0559         2.6997 -405178531528100544.0000 -121066627567749008.0000         4.3537
        60.0150         4.7735         2.5954 -488442688558799296.0000 -156188596752880896.0000         5.2413
        63.1420         3.3871         1.7543 -384447441243172096.0000 -126374061355781152.0000        11.2703
        66.2690       136.7296       176.0079 -120206902575109152.0000 -45361650263046424.0000        10.7427
        69.3960       295.8989       228.3178 -230108439484269824.0000 -74506503573055104.0000         9.0260
        72.5220        24.1277        11.0169 -318970049117398016.0000 -65759816331014792.0000         0.8044
        75.6490        34.0039        17.4426 -388974969481069184.0000 -90607171267233760.0000         1.4578
        78.7760        20.1312         6.3643 -349545631320777280.0000 -74460471342523536.0000         5.2786
        81.9030         4.6834         1.5605 -468515055509955968.0000 -123486645098739552.0000         0.4661
        85.0300        11.3635         5.0662 -471229680435990848.0000 -103771892011515808.0000        10.3845
        88.1570        12.6196         9.1682 -239772012952646368.0000 -97756342799490752.0000         0.4212
        91.2840        35.6636        12.4784 -475599275384299072.0000 -92646554527824848.0000         4.6111
        94.4110         6.1745         2.7976 -427574992990029376.0000 -131477808369711104.0000         0.4268
        97.5380        20.7151        11.1382 -289848145716156864.0000 -82996477560931984.0000         5.3854
       100.6650        17.7852         5.2362 -442402750791770048.0000 -82928720793036368.0000         2.1958
       103.7920         6.7919         2.3153 -477223150674223680.0000 -120527338720354000.0000         9.7890
       106.9180        14.0145         5.6916 -305724789180021696.0000 -80959722077854320.0000         1.9187
       110.0450        17.2839         8.7208 -668516328158908928.0000 -131476029762415920.0000         7.9658
       113.1720         5.3012         0.4852 4682099691391675392.0000 329140688144367552.0000         4.4700
       116.2990        20.5186         1.9691 4484443758841840640.0000 235748088865052000.0000        11.6554
       119.4260        31.2087         1.7244 9533187953122535424.0000 308967497344279040.0000         3.0595
       122.5530        97.9463         3.9626 15003663977938245632.0000 352753842096212864.0000         3.4554
       125.6800       185.4894         7.5485 19643962865544953856.0000 377020109683059072.0000        12.0648
       128.8070       282.1285         9.7934 27964128918867464192.0000 481001106312868288.0000        21.2196
       131.9340       319.3430        13.4103 21104896129989451776.0000 399174731175131584.0000         8.0465
       135.0610       338.1373        11.1516 32820864255672340480.0000 542339598363553728.0000        17.6064
       138.1880       347.9452        13.6538 37835147887866937344.0000 735417711730823040.0000         4.5588
       141.3150       421.0137        11.2468 46707676848269787136.0000 695859805083755520.0000        27.2136
       144.4410       476.5481        12.5662 41100888456281825280.0000 552832241028240960.0000         6.1032
       147.5680       524.2029        14.3561 42269936073010307072.0000 571850113074560448.0000         6.2963
       150.6950       671.6150        18.0336 58084450404455882752.0000 738813254032232576.0000        26.5279
       153.8220       678.0468        18.1515 66277152063258828800.0000 857392625944697984.0000        13.3867
       156.9490       704.3958        16.9550 50349068652456009728.0000 604225847411373056.0000        14.9763
       160.0760       789.7470        21.8754 57117326275616677888.0000 700538568346321920.0000         7.5981
       163.2030       724.8273        22.2779 52271654641842487296.0000 699404945242908672.0000        27.2030
       166.3300       789.7470        22.1332 67030297010618114048.0000 832685018676239232.0000         6.2289
       169.4570       812.6542        22.6098 69405766135411400704.0000 822262385305010304.0000         6.6902
       172.5840       844.2340        23.0848 57132782618038468608.0000 694553442834339200.0000         7.8846
       175.7110       885.4401        26.3926 58183609046391005184.0000 696173489144276352.0000         4.0999
       178.8370       919.8484        28.9916 53900816009169813504.0000 698092772737666944.0000        19.9664
       181.9640       964.7451        30.1685 51095629453240606720.0000 655320107131787904.0000        29.7117
       185.0920       877.0410        24.8154 66372626644852203520.0000 801274298972081152.0000        22.4240
       188.2180       877.0410        24.2154 57220409688341544960.0000 690398203541118080.0000        20.9884
       191.3450       928.6574        29.4574 55923404720561618944.0000 736398196851820544.0000        18.1464
       194.4720       992.7283        33.1599 63579946024228536320.0000 825093471686505984.0000        45.5014
       197.5990      1002.2353        27.7599 74520696818138939392.0000 818784882103997696.0000        14.0824
       200.7260       893.9196        24.5993 60726961216723345408.0000 711207292846949760.0000        20.8695
       203.8530       911.1230        26.0976 58664323810617024512.0000 702250542976712192.0000        12.6440
       206.9800       973.9841        27.8441 65211824055302668288.0000 765795310891666048.0000        67.5896
       210.1070       911.1230        27.8594 57291309800778809344.0000 720558124884641408.0000         4.6405
       213.2340       983.3115        29.8604 69574693395238715392.0000 888185607483174400.0000        13.9120
       216.3610       928.6574        25.4217 63552071135257387008.0000 722742157238091264.0000         4.1178
       219.4870       992.7283        32.0916 71252899512482185216.0000 896852925254092928.0000        17.6604
       222.6140       937.5508        27.8015 77483608499245121536.0000 935186919199614336.0000         5.8999
       225.7410       902.4803        24.1660 68363675040885735424.0000 748250073857130752.0000        23.2347
       228.8680       877.0410        24.0643 56155020058221740032.0000 642023089395816960.0000        18.9427
       231.9950       812.6542        20.5729 58776350786008391680.0000 661478322454139392.0000        17.8923
       235.1220       684.5402        19.1534 54923487202952282112.0000 688855797874130560.0000        23.7434
       238.2490       622.3092        15.6041 54662183715049111552.0000 706911816905999616.0000         9.0666
       241.3760       351.2773        12.1292 35398010441106599936.0000 555653930768916672.0000         3.2042
       244.5030       514.3052        16.4885 29065861878898970624.0000 441087339912632768.0000        11.8425
       247.6300         1.2100         5.7189 1768523500087508736.0000 7851203249116167168.0000         9.8847
       250.7560         7.0559         2.2363 -519261420556387456.0000 -100731184282398736.0000         5.1263
       253.8840        41.9366        32.4626 -153864219390452064.0000 -68071724653623680.0000         3.1584
       257.0100        89.0421        29.5406 -268773549917672352.0000 -59305677043442760.0000         6.2499
       260.1370         6.0579         3.3188 -313191819737371264.0000 -112539128331137200.0000         1.9785
       263.2640         1.2100         6.3124 -665086885440577664.0000 -3265875537736032768.0000         2.4139
       266.3910        10.5293         7.1940 -344749386028719360.0000 -138464173196453696.0000         7.5519
       269.5180        36.3500        13.8401 -321621978060886720.0000 -72386469440475488.0000        10.1246
       272.6450         3.0792         0.9323 -521816466462783168.0000 -161608748736435200.0000         4.1723
       275.7720        19.1943         7.6708 -342521625025213760.0000 -77586403212861920.0000        12.0989
       278.8990         6.9226         3.2983 -398379064484862656.0000 -138548528851163664.0000        14.3007
       282.0260         4.8192         1.9510 -339735724982295488.0000 -143013404143464912.0000         5.9255
       285.1530         4.7735         2.8366 -250951058355426080.0000 -113186797288239344.0000         4.7847
       288.2790        36.6981        19.6711 -330478966859012608.0000 -81962719075959504.0000         6.7774
       291.4060        35.3253        20.2313 -179701218094216736.0000 -46334631144855296.0000         5.3164
       294.5330        17.6165        22.2637 -320981746529225408.0000 -170158036923560064.0000         1.2929
       297.6600         5.7760         1.8836 -369553854965382912.0000 -84380374749241088.0000         0.3818
       300.7870        20.5186        10.9692 -283297154449289856.0000 -65265603108872056.0000         3.7694
       303.9140        28.9176         9.9731 -430187182883296448.0000 -77799553309548016.0000         9.0291
       307.0410         5.6669         3.0479 -300901407571804416.0000 -136955742109073376.0000         7.3832
       310.1680        26.0393        13.6941 -211755797890035360.0000 -55102351770073120.0000         1.1858
       313.2950         7.9108         2.7688 -462952101855751424.0000 -118900237240303152.0000         2.2353
