       219.4912         3.9589       228.7616         8.2233
       270.3501         4.3399       304.4816         9.8019
       314.3462         4.6475       334.9298        10.6435
       359.8360         5.1858       368.4228        11.1813
       435.4015         6.0801       445.7916        13.2707
       506.2577         6.6613       539.4078        17.1237
       569.3036         7.9271       593.3486        18.7138
       612.5718         7.8090       652.6834        21.8132
       637.4714         8.6324       717.9518        25.7558
       688.8573         9.4462       717.9518        24.4669
       757.7431        10.6924       789.7470        28.9518
       848.4744        11.6853       868.7217        35.6966
       793.3367        12.3247       868.7217        37.3694
       793.3367        12.1837       789.7470        35.7592
       688.8573        10.5196       717.9518        28.7828
       637.4714         9.4857       652.6834        23.9677
       596.0456         8.6005       652.6834        23.3321
       741.2119        10.7219       717.9518        27.7751
       828.9304        11.2092       789.7470        34.1957
       848.4744        11.4444       868.7217        35.7120
       771.3403        10.1867       789.7470        28.4215
       815.3331        10.1588       789.7470        28.3467
       828.9304         9.9712       955.5938        67.9120
       793.3367         9.9663       789.7470        27.6532
       757.7431         9.8028       789.7470        28.7200
       959.9374        10.7428       955.5938        34.6240
       872.6704        10.3192       868.7217        29.4219
       896.8664        10.1945       955.5938        36.1174
       848.4744        10.3966      1051.1532        82.8774
       872.6704        10.3672       868.7217        31.6366
       741.2119         9.2979       789.7470        27.9945
