       252.7815         4.5238       251.6377         8.8495         5.1379
       314.3462         5.1197       334.9298        11.5045         7.8885
       370.0974         5.9086       405.2651        13.5015        13.5639
       407.1072         6.4472       445.7916        15.4088         5.3809
       460.2343         6.8704       490.3707        16.9912        12.4800
       526.8358         8.1043       593.3486        20.6179        12.0811
       622.7877         8.8081       652.6834        23.2359         9.7906
       701.2185        10.1399       717.9518        27.2725         6.5689
       701.2185        10.2158       789.7470        31.2733         6.4573
       771.3403        10.9299       868.7217        35.7266        13.4241
       848.4744        11.4137      1051.1532       104.6436        64.1319
       896.8664        12.1840      1051.1532       105.6324        62.0643
       848.4744        13.2186       868.7217        38.7620         9.4356
       741.2119        10.8907       789.7470        33.0528         9.4294
       701.2185        10.5800       717.9518        27.8905         7.7469
       673.8290         9.7334       717.9518        27.3461        11.2500
       741.2119         9.5960       789.7470        30.8576        10.1271
       701.2185        10.3353       717.9518        27.1169         8.2258
       771.3403        10.3476       789.7470        31.1974        10.0609
       828.9304        10.2574       868.7217        34.1893         8.3048
       815.3331         9.6606       868.7217        32.1856        13.2919
       833.5174        10.2543       868.7217        31.0434         8.3105
       848.4744         9.7557       868.7217        31.5608        21.2796
       815.3331         9.5006       868.7217        30.2472        20.5296
       771.3403         9.5295       789.7470        26.4570        19.1195
       741.2119         8.4447       789.7470        26.4175        14.6189
       959.9374        10.1356       955.5938        34.9253        17.7874
       741.2119         9.4008       789.7470        27.5812        23.1820
       833.5174        10.3340       868.7217        33.0604        14.1937
       771.3403         9.9497       789.7470        28.2720        19.5310
       815.3331         9.6137       868.7217        31.8594        19.3437
